10,132
10,270
10,120
10,130
10,308
10,154
10,192
11,5
11,26
20,3
20,2
20,1
19,3
19,2
19,1
12,3
12,2
12,1
11,29
11,25
11,24
11,22
11,21
11,19
11,18
11,17
11,16
11,15
11,14
11,13
11,12
11,8
11,7
11,4
11,3
11,2
11,1
10,312
10,307
10,299
10,296
10,271
10,265
10,261
10,250
10,219
10,211
10,205
10,197
18,1
10,189
18,3
10,172
10,157
10,133
10,105
10,104
10,79
14,1
10,67
14,3
10,22
10,14
10,3
13,1
10,2
13,3
10,1
9,7
9,6
9,5
9,4
9,3
9,2
9,1
8,18
8,17
8,16
8,15
8,14
8,13
8,12
8,11
8,9
8,8
8,7
8,6
8,5
8,4
8,3
8,2
8,1
3,3
3,2
3,1
2,3
2,2
2,1
